100
0 13 7
1 2 6
2 6 5
3 15 3
4 5 7
5 17 7
6 26 7
7 6 8
8 12 5
9 10 9
10 7 6
11 7 5
12 9 5
13 4 3
14 5 8
15 4 3
16 12 2
17 24 5
18 2 4
19 10 6
20 1 7
21 10 1
22 19 5
23 21 1
24 3 1
25 22 1
26 3 1
27 1 3
28 5 4
29 21 6
30 18 5
31 3 7
32 2 3
33 6 2
34 4 6
35 9 5
36 7 4
37 11 7
38 8 8
39 15 1
40 13 5
41 16 2
42 14 4
43 12 3
44 17 7
45 19 6
46 24 8
47 23 4
48 35 5
49 41 9
50 27 1
51 30 2
52 28 6
53 29 3
54 34 5
55 31 4
56 32 1
57 33 7
58 39 9
59 35 6
60 38 4
61 37 5
62 36 8
63 47 2
64 40 5
65 43 3
66 45 1
67 44 8
68 42 7
69 41 3
70 46 4
71 60 9
72 65 5
73 67 2
74 54 1
75 52 7
76 68 3
77 69 2
78 61 5
79 56 4
80 55 9
81 53 6
82 50 5
83 51 1
84 57 6
85 58 7
86 59 9
87 62 8
88 63 7
89 64 4
90 66 3
91 73 1
92 70 2
93 71 7
94 74 6
95 72 8
96 79 9
97 76 4
98 78 5
99 49 3